1	100	384328.399375
1	200	344573.77515625
1	300	311392.483125
1	400	347589.88515625
1	500	325937.58453125
1	600	294657.243515625
1	700	323423.8196875
1	800	297579.21453125
1	900	299088.9865625
1	1000	320198.86640625
1	1100	294152.36375
1	1200	271499.91578125
1	1300	253909.181796875
1	1400	241257.736953125
1	1500	231772.43171875
1	1600	221224.3953125
1	1700	211652.086796875
1	1800	202249.897578125
1	1900	196352.8341796875
1	2000	188826.259921875
1	2100	190166.25625
1	2200	186904.337578125
1	2300	173684.822734375
2	100	173558.6913671875
2	200	168163.291875
2	300	171819.568046875
2	400	166464.991484375
2	500	160908.719375
2	600	160093.91265625
2	700	159389.3255859375
2	800	152409.211875
2	900	156835.9058984375
2	1000	147140.22109375
2	1100	146204.03349609376
2	1200	157636.5054296875
2	1300	148417.6893359375
2	1400	143814.55359375
2	1500	141334.02453125
2	1600	141813.7141796875
2	1700	143041.5262890625
2	1800	139207.4206640625
2	1900	134417.8045703125
2	2000	142701.19734375
2	2100	137995.8647265625
2	2200	126525.8305859375
2	2300	134294.8346875
3	100	118757.9601171875
3	200	135262.3523828125
3	300	133961.6440625
3	400	136780.1938671875
3	500	123980.6655078125
3	600	121651.85841796875
3	700	127786.2551171875
3	800	121613.3277734375
3	900	126760.406796875
3	1000	111234.156640625
3	1100	114977.361640625
3	1200	114816.7023046875
3	1300	120202.8634765625
3	1400	117931.021015625
3	1500	109923.626015625
3	1600	107916.95380859375
3	1700	117941.171171875
3	1800	116624.4193359375
3	1900	124593.5365625
3	2000	121200.5073046875
3	2100	107361.8661328125
3	2200	119050.404921875
3	2300	109657.4244921875
4	100	124756.4840234375
4	200	96761.4290625
4	300	107019.3028515625
4	400	99489.839609375
4	500	105664.8009375
4	600	108599.17853515624
4	700	109366.694453125
4	800	94276.1983203125
4	900	92965.926484375
4	1000	95969.9881640625
4	1100	101333.3533984375
4	1200	94340.6418359375
4	1300	95991.3125390625
4	1400	107300.1378515625
4	1500	94998.8777734375
4	1600	98198.441953125
4	1700	95032.2032421875
4	1800	87600.1419140625
4	1900	99130.9329296875
4	2000	99633.0565234375
4	2100	93601.3731640625
4	2200	95077.16015625
4	2300	92980.2292578125
5	100	83652.9543359375
5	200	98307.7353515625
5	300	84926.7501953125
5	400	79846.33234375
5	500	81338.1978125
5	600	83851.2094140625
5	700	83815.83435546875
5	800	80548.35333984374
5	900	93500.902890625
5	1000	92668.5279296875
5	1100	95575.9563671875
5	1200	90171.44072265625
5	1300	87294.62876953125
5	1400	89894.50419921875
5	1500	94350.07923828125
5	1600	83927.5763671875
5	1700	87183.50708984376
5	1800	95402.52130859374
5	1900	92077.8750390625
5	2000	84222.3829296875
5	2100	82834.5825
5	2200	80311.564921875
5	2300	85270.28787109375
6	100	75131.840625
6	200	76293.27212890625
6	300	80724.8169921875
6	400	77795.7410546875
6	500	85896.765234375
6	600	75370.24642578125
6	700	74365.2094140625
6	800	78876.234140625
6	900	73919.14619140625
6	1000	76735.26787109375
6	1100	77977.12232421876
6	1200	85605.4927734375
6	1300	77784.15158203125
6	1400	74532.911015625
6	1500	81132.8066796875
6	1600	78123.94109375
6	1700	83700.7579296875
6	1800	78423.30435546875
6	1900	72525.6341015625
6	2000	78175.62357421876
6	2100	78802.95580078124
6	2200	74862.0734375
6	2300	73852.93208984374
7	100	68166.970390625
7	200	68662.43373046875
7	300	76638.61810546875
7	400	73334.770859375
7	500	66783.2308984375
7	600	75044.218203125
7	700	67527.63607421875
7	800	65421.6162890625
7	900	64988.40380859375
7	1000	70172.4118359375
7	1100	70158.3908984375
7	1200	70118.7902734375
7	1300	68347.4046484375
7	1400	84741.6115234375
7	1500	74810.476171875
7	1600	65652.43845703125
7	1700	67569.7864453125
7	1800	66379.501015625
7	1900	74917.6550390625
7	2000	71939.099609375
7	2100	65789.98294921876
7	2200	68361.32998046876
7	2300	71855.00013671875
8	100	61885.90306640625
8	200	62289.57341796875
8	300	65626.30776367188
8	400	62189.19537109375
8	500	67314.0743359375
8	600	61683.19013671875
8	700	67570.51111328125
8	800	65021.12595703125
8	900	65204.34056640625
8	1000	71613.69197265625
8	1100	66723.24857421876
8	1200	62526.76333984375
8	1300	67331.6155859375
8	1400	65832.65025390625
8	1500	67683.880234375
8	1600	65156.51521484375
8	1700	68791.1552734375
8	1800	67046.0858203125
8	1900	66818.61759765625
8	2000	64722.71880859375
8	2100	63750.71478515625
8	2200	63661.5999609375
8	2300	61553.69560546875
9	100	56187.6198828125
9	200	56993.92375
9	300	62910.81650390625
9	400	59511.1265625
9	500	60511.8032421875
9	600	59369.98599609375
9	700	57562.85720703125
9	800	60525.88125
9	900	63558.16712890625
9	1000	59234.013984375
9	1100	60537.80806640625
9	1200	53607.77041015625
9	1300	59944.90337890625
9	1400	58978.80365234375
9	1500	72155.7647265625
9	1600	63232.48375
9	1700	66317.41876953124
9	1800	59513.7359375
9	1900	62859.41501953125
9	2000	60048.1035546875
9	2100	57147.08166015625
9	2200	54367.40587890625
9	2300	58937.77294921875
10	100	52967.2998046875
10	200	50454.96333984375
10	300	51578.34306640625
10	400	60007.72865234375
10	500	60224.22322265625
10	600	56233.50740234375
10	700	56242.15806640625
10	800	67622.37390625
10	900	54882.36708984375
10	1000	56691.40962890625
10	1100	52900.229599609374
10	1200	57608.9711328125
10	1300	58368.70798828125
10	1400	59890.815078125
10	1500	60725.87139648438
10	1600	55320.260859375
10	1700	50624.11284179687
10	1800	51700.36197265625
10	1900	52761.27392578125
10	2000	59224.66591796875
10	2100	63181.166171875
10	2200	58688.499140625
10	2300	59617.0763671875
11	100	47844.0652734375
11	200	53076.77208984375
11	300	49917.857490234375
11	400	50489.98005859375
11	500	48717.4496875
11	600	50102.12365234375
11	700	55152.73951171875
11	800	61352.54908203125
11	900	57484.72888671875
11	1000	58877.5509375
11	1100	51798.6675
11	1200	50727.62546875
11	1300	54827.65353515625
11	1400	55219.4847265625
11	1500	50544.639619140624
11	1600	57723.54043945312
11	1700	49271.6509375
11	1800	54865.71931640625
11	1900	54560.96056640625
11	2000	52401.0412109375
11	2100	56458.6256640625
11	2200	50136.12599609375
11	2300	49007.252109375
12	100	49450.22251953125
12	200	54220.70451171875
12	300	54633.632421875
12	400	51111.11693359375
12	500	50920.779892578124
12	600	48606.29873046875
12	700	47068.98759765625
12	800	53580.97723632812
12	900	50772.71319335938
12	1000	48073.86587890625
12	1100	47951.17087890625
12	1200	58018.92580078125
12	1300	49592.2244140625
12	1400	52793.45170898437
12	1500	49230.51931640625
12	1600	50254.1832421875
12	1700	46252.03904296875
12	1800	45749.84806640625
12	1900	53561.55146484375
12	2000	51256.54974609375
12	2100	53459.926640625
12	2200	55300.14853515625
12	2300	54008.5062890625
13	100	42986.6040625
13	200	42244.784072265626
13	300	45573.2676171875
13	400	46271.37947265625
13	500	45371.57759765625
13	600	44762.52572265625
13	700	50708.44720703125
13	800	43107.40357421875
13	900	49750.9057421875
13	1000	48609.5386328125
13	1100	46531.32455078125
13	1200	50253.06001953125
13	1300	49639.16083984375
13	1400	55503.53359375
13	1500	46371.81591796875
13	1600	45416.038046875
13	1700	53436.61677734375
13	1800	52732.87337890625
13	1900	44625.69708984375
13	2000	51606.44794921875
13	2100	43786.118544921876
13	2200	49569.19572265625
13	2300	52902.397490234376
14	100	44817.44318359375
14	200	44801.6793359375
14	300	44625.3533984375
14	400	45899.007255859375
14	500	39424.07080078125
14	600	43158.609482421874
14	700	44059.90595703125
14	800	46064.72749023438
14	900	43957.765107421874
14	1000	50464.0325390625
14	1100	49731.57099609375
14	1200	41281.40536132813
14	1300	43722.97444335937
14	1400	44868.141328125
14	1500	50385.43810546875
14	1600	46058.15599609375
14	1700	45550.33288085937
14	1800	52808.43212890625
14	1900	47509.68821289062
14	2000	47535.13662109375
14	2100	46206.06451171875
14	2200	52050.06923828125
14	2300	65358.2523046875
15	100	43059.95240234375
15	200	43848.52987304688
15	300	45274.0123046875
15	400	47717.97322265625
15	500	41664.9328515625
15	600	41304.6325390625
15	700	40659.17
15	800	41638.614990234375
15	900	40519.96890136719
15	1000	36847.66591796875
15	1100	43554.60005859375
15	1200	44693.65021484375
15	1300	44679.62111328125
15	1400	42173.4978125
15	1500	50204.30114257812
15	1600	43650.651259765626
15	1700	48983.30576171875
15	1800	45209.58111328125
15	1900	44447.6845703125
15	2000	46467.5514453125
15	2100	46123.7418359375
15	2200	44282.08123046875
15	2300	40358.60693359375
16	100	36985.336884765624
16	200	41489.39322265625
16	300	40914.69483398437
16	400	39055.42251953125
16	500	43785.283125
16	600	38501.06216796875
16	700	40420.4628125
16	800	41290.24608398438
16	900	42194.82075195313
16	1000	43720.26100585938
16	1100	42433.31659179687
16	1200	44360.76068359375
16	1300	42162.169501953125
16	1400	48499.43623046875
16	1500	41973.65766601563
16	1600	43939.39030273438
16	1700	43911.09306640625
16	1800	42055.7335546875
16	1900	46819.89862304687
16	2000	42635.4073828125
16	2100	46502.62462890625
16	2200	38312.68697265625
16	2300	39855.926376953124
17	100	40292.5187109375
